A = [ 1 3 5 ; 7 8 11 ; 100 1 4]